sample status  in_reads        in_bp   too_short       too_long        too_many_n      out_reads       w/adapters      qualtrim_bp     out_bp
c1_fastq/c1.Tag_01.fastq	WARN	101581	17630991	9907	95	0	91569	101484	0	13535659
c1_fastq/c1.Tag_02.fastq	WARN	78898	14595897	7057	672	0	71148	78795	0	11385904
c1_fastq/c1.Tag_03.fastq	WARN	125045	20968101	17642	158	0	107214	124477	0	15574132
c1_fastq/c1.Tag_04.fastq	WARN	8834	1292743	2711	15	0	6102	8812	0	900898
c1_fastq/c1.Tag_05.fastq	WARN	99647	17065534	10112	100	0	89418	99532	0	13072451
c1_fastq/c1.Tag_06.fastq	WARN	85610	14950530	7380	78	0	78133	85561	0	11507827
c1_fastq/c1.Tag_07.fastq	WARN	88458	15421779	8311	79	0	80056	88411	0	11894195
c1_fastq/c1.Tag_08.fastq	WARN	105360	17947137	10091	106	0	95151	105293	0	13715454
c1_fastq/c1.Tag_09.fastq	WARN	77973	13626681	7464	62	0	70442	77892	0	10543050
c1_fastq/c1.Tag_10.fastq	WARN	87906	15414639	9231	190	0	78409	87471	0	11898918
c1_fastq/c1.Tag_13.fastq	WARN	10189	1584590	2236	31	0	7918	10170	0	1176215
c1_fastq/c1.Tag_14.fastq	WARN	82829	14373808	8496	78	0	74245	82787	0	11050112
c1_fastq/c1.Tag_15.fastq	WARN	70468	11954271	2224	9	0	68230	70440	0	9269993
c1_fastq/c1.Tag_16.fastq	WARN	84798	15753638	7680	799	0	76296	84726	0	12194277
c1_fastq/c1.Tag_17.fastq	WARN	85719	14787089	8835	117	0	76755	85655	0	11371212
c1_fastq/c1.Tag_18.fastq	WARN	90447	15830153	7813	96	0	82515	90388	0	12218351
c1_fastq/c1.Tag_19.fastq	WARN	61608	11761166	1953	192	0	59452	61585	0	9412966
c1_fastq/c1.Tag_20.fastq	WARN	76289	13535636	4878	197	0	71199	76233	0	10536152
c1_fastq/c1.Tag_21.fastq	WARN	94968	16005405	10347	89	0	84509	94895	0	12107080
c1_fastq/c1.Tag_22.fastq	WARN	93056	15880308	10099	89	0	82847	92995	0	12135632
c1_fastq/c1.Tag_25.fastq	WARN	54689	9619091	6055	202	0	48424	54516	0	7450735
c1_fastq/c1.Tag_26.fastq	WARN	95234	15989415	11348	104	0	83762	95170	0	12032664
c1_fastq/c1.Tag_27.fastq	WARN	78588	13018433	6125	68	0	72387	78538	0	9897687
c1_fastq/c1.Tag_28.fastq	WARN	97895	17044063	9703	76	0	88105	97851	0	13092804
c1_fastq/c1.Tag_29.fastq	WARN	91150	14763614	12099	59	0	78946	91010	0	10969568
c1_fastq/c1.Tag_30.fastq	WARN	101299	16829307	11846	53	0	89385	101259	0	12630876
c1_fastq/c1.Tag_31.fastq	WARN	97362	15989011	11137	94	0	86112	97239	0	11971117
c1_fastq/c1.Tag_32.fastq	WARN	84240	14265521	9536	39	0	74651	84198	0	10806618
c1_fastq/c1.Tag_33.fastq	WARN	100165	17382334	8560	88	0	91504	100130	0	13345984
c1_fastq/c1.Tag_34.fastq	WARN	97870	16587660	10076	121	0	87652	97817	0	12617447
c1_fastq/c1.Tag_37.fastq	WARN	62331	10579450	4665	83	0	57576	62292	0	8102283
c1_fastq/c1.Tag_38.fastq	WARN	97040	18249101	3022	304	0	93703	97005	0	14546795
c1_fastq/c1.Tag_39.fastq	WARN	57025	9813167	5909	179	0	50925	56973	0	7521351
c1_fastq/c1.Tag_40.fastq	WARN	82778	13743949	9765	55	0	72941	82724	0	10300142
c1_fastq/c1.Tag_41.fastq	WARN	3631	503638	1154	4	0	2472	3626	0	363709
c1_fastq/c1.Tag_42.fastq	WARN	94750	15827488	9898	64	0	84775	94717	0	11950326
c1_fastq/c1.Tag_43.fastq	WARN	102257	17538566	10796	138	0	91310	102190	0	13323346
c1_fastq/c1.Tag_44.fastq	WARN	95588	16559240	8851	348	0	86375	95537	0	12688852
c1_fastq/c1.Tag_45.fastq	WARN	105219	17672809	11742	72	0	93384	105156	0	13332570
c1_fastq/c1.Tag_46.fastq	WARN	75775	14001432	3347	321	0	72102	75755	0	11082211
c1_fastq/c1.Tag_49.fastq	WARN	87848	14938027	8141	72	0	79620	87806	0	11386082
c1_fastq/c1.Tag_50.fastq	WARN	5250	721566	1628	15	0	3607	5242	0	525749
c1_fastq/c1.Tag_51.fastq	WARN	79810	13952069	5837	53	0	73915	79785	0	10790694
c1_fastq/c1.Tag_52.fastq	WARN	105985	18368025	9400	263	0	96307	105888	0	14094075
c1_fastq/c1.Tag_53.fastq	WARN	83802	14261942	9172	72	0	74544	83754	0	10840666
c1_fastq/c1.Tag_54.fastq	WARN	92980	16251586	6281	67	0	86616	92941	0	12571415
c1_fastq/c1.Tag_55.fastq	WARN	91472	15372391	11218	84	0	80152	91421	0	11528696
c1_fastq/c1.Tag_56.fastq	WARN	82148	13629963	9669	45	0	72406	82086	0	10175244
c1_fastq/c1.Tag_57.fastq	WARN	94066	15716019	9386	45	0	84623	94039	0	11864854
c1_fastq/c1.Tag_58.fastq	WARN	86209	14242857	9606	40	0	76541	86161	0	10602450
c1_fastq/c1.Tag_61.fastq	WARN	82561	13944445	9645	77	0	72825	82501	0	10534666
c1_fastq/c1.Tag_62.fastq	WARN	59430	10596284	1966	101	0	57354	59389	0	8326321
c1_fastq/c1.Tag_63.fastq	WARN	83303	14081392	8537	45	0	74708	83258	0	10713185
c1_fastq/c1.Tag_64.fastq	WARN	56859	9439052	5654	9	0	51190	56831	0	7150336
c1_fastq/c1.Tag_65.fastq	WARN	86081	14345431	7903	61	0	78099	86029	0	10895572
c1_fastq/c1.Tag_66.fastq	WARN	103593	17458754	13010	293	0	90261	103460	0	13141856
c1_fastq/c1.Tag_67.fastq	WARN	73579	12557766	7896	133	0	65535	73539	0	9564976
c1_fastq/c1.Tag_68.fastq	WARN	51982	9014681	2189	80	0	49704	51956	0	7003675
c1_fastq/c1.Tag_69.fastq	WARN	84262	14068217	7518	101	0	76628	84215	0	10688776
c1_fastq/c1.Tag_70.fastq	WARN	71505	13028605	8023	721	0	62735	71444	0	10032277
c1_fastq/c1.Tag_73.fastq	WARN	139165	23195445	13723	61	0	125366	139101	0	17520850
c1_fastq/c1.Tag_74.fastq	WARN	92381	15510152	10658	73	0	81635	92311	0	11704004
c1_fastq/c1.Tag_75.fastq	WARN	61789	10726519	6750	125	0	54905	61757	0	8254273
c1_fastq/c1.Tag_76.fastq	WARN	108648	17826827	13052	119	0	95412	108470	0	13261440
c1_fastq/c1.Tag_77.fastq	WARN	56178	9391830	6943	64	0	49167	56153	0	7044810
c1_fastq/c1.Tag_78.fastq	WARN	64330	10732707	7067	50	0	57203	64286	0	8069853
c1_fastq/c1.Tag_79.fastq	WARN	83298	13835460	7978	39	0	75264	83259	0	10467095
c1_fastq/c1.Tag_80.fastq	WARN	95478	16957794	6099	116	0	89252	95447	0	13184577
c1_fastq/c1.Tag_81.fastq	WARN	4875	580009	2083	2	0	2790	4866	0	412010
c1_fastq/c1.Tag_82.fastq	WARN	72896	12936251	6746	99	0	66041	72859	0	10059876
c1_fastq/c1.Tag_85.fastq	WARN	66472	11520358	3692	196	0	62572	66431	0	8936375
c1_fastq/c1.Tag_86.fastq	WARN	82611	14480565	7140	96	0	75362	82576	0	11196700
c1_fastq/c1.Tag_87.fastq	WARN	60332	10534459	6539	180	0	53605	60295	0	8106644
c1_fastq/c1.Tag_88.fastq	WARN	80096	13787005	7653	49	0	72381	80059	0	10578963
c1_fastq/c1.Tag_89.fastq	WARN	75796	12566345	7812	50	0	67919	75757	0	9481310
c1_fastq/c1.Tag_90.fastq	OK	43	4321	26	0	0	17	43	0	2493
c1_fastq/c1.Tag_91.fastq	WARN	68652	11469469	8751	124	0	59761	68581	0	8597962
c1_fastq/c1.Tag_92.fastq	WARN	84865	14276641	10398	54	0	74393	84762	0	10763503
c1_fastq/c1.Tag_93.fastq	WARN	80499	13984811	7133	72	0	73280	80452	0	10770904
c1_fastq/c1.Tag_94.fastq	WARN	93260	16097787	8197	114	0	84934	93218	0	12369921
c1_fastq/c1.unknown.fastq	WARN	138245	20870517	52501	627	0	85016	137728	0	12319621
