sample status  in_reads        in_bp   too_short       too_long        too_many_n      out_reads       w/adapters      qualtrim_bp     out_bp
c2_fastq/c2.Tag_01.fastq	WARN	96326	16732967	8766	82	0	87450	96188	0	12903694
c2_fastq/c2.Tag_02.fastq	WARN	101743	17632659	9149	95	0	92456	101586	0	13569081
c2_fastq/c2.Tag_03.fastq	WARN	129720	21869611	14996	134	0	114543	129330	0	16394550
c2_fastq/c2.Tag_04.fastq	WARN	119858	20463403	10688	102	0	109015	119746	0	15576268
c2_fastq/c2.Tag_05.fastq	WARN	103719	19901614	1833	284	0	101586	103626	0	15998506
c2_fastq/c2.Tag_06.fastq	WARN	107154	18615702	8648	84	0	98389	107048	0	14328329
c2_fastq/c2.Tag_07.fastq	WARN	101179	17672109	8251	110	0	92789	101075	0	13626775
c2_fastq/c2.Tag_08.fastq	WARN	111987	19618813	8957	103	0	102890	111868	0	15125845
c2_fastq/c2.Tag_09.fastq	WARN	109462	18654693	4468	16	0	104939	109349	0	14474588
c2_fastq/c2.Tag_10.fastq	WARN	109829	18691939	10587	79	0	99065	109411	0	14282682
c2_fastq/c2.Tag_13.fastq	WARN	66074	11317620	11264	556	0	54233	65989	0	8661034
c2_fastq/c2.Tag_14.fastq	WARN	13602	2170842	2386	19	0	11194	13586	0	1658163
c2_fastq/c2.Tag_15.fastq	WARN	108619	18695948	8585	58	0	99943	108520	0	14355126
c2_fastq/c2.Tag_16.fastq	WARN	102266	17557894	8792	58	0	93385	102181	0	13437490
c2_fastq/c2.Tag_17.fastq	WARN	102599	17123681	11118	38	0	91417	102517	0	12897195
c2_fastq/c2.Tag_18.fastq	WARN	115385	19241589	12968	223	0	102123	115253	0	14463371
c2_fastq/c2.Tag_19.fastq	WARN	81501	14298210	6344	76	0	75061	81433	0	11091361
c2_fastq/c2.Tag_20.fastq	WARN	100016	19210913	1985	380	0	97624	99945	0	15440684
c2_fastq/c2.Tag_21.fastq	WARN	112135	19381944	9456	230	0	102417	112038	0	14863152
c2_fastq/c2.Tag_22.fastq	WARN	106256	18507580	9282	81	0	96873	106190	0	14331621
c2_fastq/c2.Tag_25.fastq	WARN	83668	13782632	10675	74	0	72881	83470	0	10218363
c2_fastq/c2.Tag_26.fastq	WARN	104048	17517825	10137	78	0	93785	103957	0	13232517
c2_fastq/c2.Tag_27.fastq	WARN	102706	18053784	8211	90	0	94382	102625	0	13892280
c2_fastq/c2.Tag_28.fastq	WARN	107509	18618782	8560	58	0	98861	107436	0	14315653
c2_fastq/c2.Tag_29.fastq	WARN	96502	16774750	7489	144	0	88832	96402	0	12919413
c2_fastq/c2.Tag_30.fastq	WARN	128023	22048641	9503	81	0	118417	127938	0	16970204
c2_fastq/c2.Tag_31.fastq	WARN	92313	15958497	7971	62	0	84263	92174	0	12239092
c2_fastq/c2.Tag_32.fastq	WARN	87765	15312810	8304	70	0	79375	87708	0	11770670
c2_fastq/c2.Tag_33.fastq	WARN	96212	17900522	4072	263	0	91866	96170	0	14196115
c2_fastq/c2.Tag_34.fastq	WARN	99091	17572458	7444	90	0	91544	99027	0	13667494
c2_fastq/c2.Tag_37.fastq	WARN	92275	15774765	8005	122	0	84120	92187	0	12010842
c2_fastq/c2.Tag_38.fastq	WARN	87780	15627963	6790	92	0	80886	87715	0	12206538
c2_fastq/c2.Tag_39.fastq	WARN	76473	13031500	7584	84	0	68765	76375	0	9912362
c2_fastq/c2.Tag_40.fastq	WARN	92007	16017688	7491	555	0	83945	91945	0	12228790
c2_fastq/c2.Tag_41.fastq	WARN	104096	17226650	11871	84	0	92087	103967	0	12905917
c2_fastq/c2.Tag_42.fastq	WARN	98680	17476399	7094	70	0	91498	98624	0	13562144
c2_fastq/c2.Tag_43.fastq	WARN	106521	18849804	6910	146	0	99439	106446	0	14639838
c2_fastq/c2.Tag_44.fastq	WARN	92873	16865840	3182	171	0	89504	92824	0	13348707
c2_fastq/c2.Tag_45.fastq	WARN	77769	13810272	10410	643	0	66690	77697	0	10671240
c2_fastq/c2.Tag_46.fastq	WARN	92032	16164302	6740	68	0	85206	91974	0	12509921
c2_fastq/c2.Tag_49.fastq	WARN	76734	13774124	6359	75	0	70285	76663	0	10793561
c2_fastq/c2.Tag_50.fastq	WARN	90965	15576769	8236	27	0	82666	90884	0	11914821
c2_fastq/c2.Tag_51.fastq	WARN	11119	596086	9467	6	0	1646	11103	0	247278
c2_fastq/c2.Tag_52.fastq	WARN	111853	19807397	7160	122	0	104541	111764	0	15401774
c2_fastq/c2.Tag_53.fastq	WARN	111340	18960531	9716	261	0	101340	111259	0	14456527
c2_fastq/c2.Tag_54.fastq	WARN	101542	17746573	7257	47	0	94227	101482	0	13714219
c2_fastq/c2.Tag_55.fastq	WARN	93312	15909373	9365	67	0	83863	93237	0	12156110
c2_fastq/c2.Tag_56.fastq	WARN	108813	20175044	5495	959	0	102336	108733	0	15766674
c2_fastq/c2.Tag_57.fastq	WARN	101336	17325549	8682	72	0	92545	101249	0	13227692
c2_fastq/c2.Tag_58.fastq	WARN	83603	14772457	6621	104	0	76850	83522	0	11414351
c2_fastq/c2.Tag_61.fastq	WARN	92121	16135290	7224	86	0	84780	92038	0	12449804
c2_fastq/c2.Tag_62.fastq	WARN	113966	19279906	11047	55	0	102824	113836	0	14589495
c2_fastq/c2.Tag_63.fastq	WARN	93667	15601294	9201	48	0	84375	93575	0	11711786
c2_fastq/c2.Tag_64.fastq	WARN	76039	13339404	5417	117	0	70471	75954	0	10284184
c2_fastq/c2.Tag_65.fastq	WARN	103780	17643779	7907	83	0	95767	103697	0	13521983
c2_fastq/c2.Tag_66.fastq	WARN	105926	19840335	5375	593	0	99933	105824	0	15645123
c2_fastq/c2.Tag_67.fastq	WARN	94124	16480675	7080	94	0	86929	94054	0	12784317
c2_fastq/c2.Tag_68.fastq	WARN	102938	17273444	9202	70	0	93591	102788	0	13077008
c2_fastq/c2.Tag_69.fastq	WARN	88257	15505648	6013	82	0	82143	88180	0	12052060
c2_fastq/c2.Tag_70.fastq	WARN	10669	1644596	2317	24	0	8327	10649	0	1245168
c2_fastq/c2.Tag_73.fastq	WARN	136922	23823150	8199	71	0	128630	136854	0	18462699
c2_fastq/c2.Tag_74.fastq	WARN	107033	17986121	10003	83	0	96897	106921	0	13593582
c2_fastq/c2.Tag_75.fastq	WARN	78962	13359471	8136	96	0	70679	78860	0	10148434
c2_fastq/c2.Tag_76.fastq	WARN	8047	1237518	2245	21	0	5773	8031	0	838577
c2_fastq/c2.Tag_77.fastq	WARN	81158	13559005	7750	62	0	73309	81085	0	10252831
c2_fastq/c2.Tag_78.fastq	WARN	89880	15230170	8374	100	0	81379	89780	0	11596688
c2_fastq/c2.Tag_79.fastq	WARN	76918	13072898	2133	31	0	74741	76888	0	10165821
c2_fastq/c2.Tag_80.fastq	WARN	86589	15465774	6349	74	0	80153	86533	0	12097021
c2_fastq/c2.Tag_81.fastq	WARN	68135	10595838	9043	7	0	59080	68118	0	8094943
c2_fastq/c2.Tag_82.fastq	WARN	73249	13216937	5633	63	0	67545	73194	0	10386334
c2_fastq/c2.Tag_85.fastq	WARN	79440	14016950	6455	80	0	72895	79373	0	10886452
c2_fastq/c2.Tag_86.fastq	WARN	96329	16843557	6773	63	0	89472	96264	0	13061627
c2_fastq/c2.Tag_87.fastq	WARN	58049	10779562	5013	938	0	52060	57953	0	8306070
c2_fastq/c2.Tag_88.fastq	WARN	5639	765273	1772	2	0	3864	5635	0	561802
c2_fastq/c2.Tag_89.fastq	WARN	103253	19231201	4923	364	0	97942	103185	0	15177348
c2_fastq/c2.Tag_90.fastq	WARN	107820	19346633	5188	195	0	102421	107778	0	15181093
c2_fastq/c2.Tag_91.fastq	WARN	65145	11615769	5883	231	0	59018	65054	0	9063720
c2_fastq/c2.Tag_92.fastq	WARN	6827	1010085	1782	16	0	5026	6808	0	753088
c2_fastq/c2.Tag_93.fastq	WARN	105712	18698988	2678	251	0	102759	105661	0	14689408
c2_fastq/c2.Tag_94.fastq	WARN	104651	17963452	8114	53	0	96460	104582	0	13817668
c2_fastq/c2.unknown.fastq	WARN	120211	19512921	34668	566	0	84888	119904	0	12359188
