sample status  in_reads        in_bp   too_short       too_long        too_many_n      out_reads       w/adapters      qualtrim_bp     out_bp
c3_fastq/c3.Tag_01.fastq	WARN	105289	18532740	8842	107	0	96332	105215	0	14313455
c3_fastq/c3.Tag_02.fastq	WARN	87019	15825445	2769	290	0	83947	86945	0	12521548
c3_fastq/c3.Tag_03.fastq	WARN	110368	18228317	11558	95	0	98692	110025	0	13727639
c3_fastq/c3.Tag_04.fastq	WARN	115228	19693623	12141	413	0	102641	115170	0	14904106
c3_fastq/c3.Tag_05.fastq	WARN	107369	18004002	10405	132	0	96819	107285	0	13652709
c3_fastq/c3.Tag_06.fastq	WARN	89653	16851286	6477	1199	0	81938	89587	0	13061733
c3_fastq/c3.Tag_07.fastq	WARN	106962	17956972	9470	95	0	97376	106914	0	13632599
c3_fastq/c3.Tag_08.fastq	WARN	110465	18996331	12202	272	0	97965	110384	0	14487283
c3_fastq/c3.Tag_09.fastq	WARN	99494	16932204	8449	45	0	90982	99424	0	12923830
c3_fastq/c3.Tag_10.fastq	WARN	111784	19205966	8735	115	0	102825	111397	0	14761192
c3_fastq/c3.Tag_11.fastq	WARN	2575	367379	999	4	0	1570	2552	0	224021
c3_fastq/c3.Tag_12.fastq	WARN	33	4663	11	0	0	22	33	0	3055
c3_fastq/c3.Tag_13.fastq	WARN	110607	18922496	10109	102	0	100376	110556	0	14407560
c3_fastq/c3.Tag_14.fastq	WARN	96724	16399062	9043	35	0	87638	96693	0	12526768
c3_fastq/c3.Tag_15.fastq	WARN	114874	19351695	10287	81	0	104487	114821	0	14774945
c3_fastq/c3.Tag_16.fastq	WARN	107831	17953062	10567	52	0	97192	107774	0	13517092
c3_fastq/c3.Tag_17.fastq	WARN	97807	16528384	9993	171	0	87631	97759	0	12584058
c3_fastq/c3.Tag_18.fastq	WARN	107329	18653902	9405	572	0	97329	107270	0	14296366
c3_fastq/c3.Tag_19.fastq	WARN	99121	16771383	9776	55	0	89280	99085	0	12795645
c3_fastq/c3.Tag_20.fastq	WARN	8191	1079279	2938	3	0	5239	8154	0	735732
c3_fastq/c3.Tag_21.fastq	WARN	115839	18941376	14932	119	0	100756	115768	0	14086235
c3_fastq/c3.Tag_22.fastq	WARN	111802	18758025	12530	62	0	99198	111755	0	14163644
c3_fastq/c3.Tag_23.fastq	WARN	90	13867	22	0	0	68	88	0	9716
c3_fastq/c3.Tag_24.fastq	WARN	1496	126104	1316	0	0	179	1394	0	25804
c3_fastq/c3.Tag_25.fastq	WARN	82041	13487552	9887	23	0	72112	81901	0	10022550
c3_fastq/c3.Tag_26.fastq	WARN	106303	20241353	2700	436	0	103160	106281	0	16195374
c3_fastq/c3.Tag_27.fastq	WARN	115224	19158127	11816	33	0	103358	115177	0	14325509
c3_fastq/c3.Tag_28.fastq	WARN	130367	21964158	12779	55	0	117515	130320	0	16660438
c3_fastq/c3.Tag_29.fastq	WARN	96980	16148276	12053	156	0	84745	96897	0	12088081
c3_fastq/c3.Tag_30.fastq	WARN	108935	18455141	10576	134	0	98218	108891	0	14044897
c3_fastq/c3.Tag_31.fastq	WARN	109399	18375717	8725	87	0	100577	109341	0	14005379
c3_fastq/c3.Tag_32.fastq	WARN	90427	15127363	9338	59	0	81021	90393	0	11476500
c3_fastq/c3.Tag_33.fastq	WARN	126789	21701030	9274	72	0	117437	126772	0	16636021
c3_fastq/c3.Tag_34.fastq	WARN	122232	22826251	10345	1112	0	110751	122177	0	17672604
c3_fastq/c3.Tag_35.fastq	WARN	69	9918	22	0	0	47	65	0	6558
c3_fastq/c3.Tag_36.fastq	WARN	153	23400	40	1	0	112	151	0	15971
c3_fastq/c3.Tag_37.fastq	WARN	1174	144021	480	2	0	692	1158	0	98944
c3_fastq/c3.Tag_38.fastq	WARN	135821	25409985	10738	1187	0	123866	135761	0	19789615
c3_fastq/c3.Tag_39.fastq	WARN	53869	9106773	5961	60	0	47847	53849	0	6886516
c3_fastq/c3.Tag_40.fastq	WARN	74417	13857807	2078	112	0	72222	74405	0	11050161
c3_fastq/c3.Tag_41.fastq	WARN	80623	14972548	2406	326	0	77871	80593	0	11954276
c3_fastq/c3.Tag_42.fastq	WARN	106574	17665157	9823	71	0	96666	106543	0	13435022
c3_fastq/c3.Tag_43.fastq	WARN	105471	17921195	9268	100	0	96087	105415	0	13648739
c3_fastq/c3.Tag_44.fastq	WARN	141067	23727420	11202	52	0	129800	141030	0	18156309
c3_fastq/c3.Tag_45.fastq	WARN	108662	18626958	11092	58	0	97503	108621	0	14254069
c3_fastq/c3.Tag_46.fastq	WARN	103245	17897944	8323	116	0	94795	103211	0	13741302
c3_fastq/c3.Tag_47.fastq	WARN	485	42691	318	0	0	167	418	0	23269
c3_fastq/c3.Tag_48.fastq	WARN	3569	531904	1168	4	0	2393	3561	0	332713
c3_fastq/c3.Tag_49.fastq	WARN	112965	19387234	8699	37	0	104216	112910	0	14896931
c3_fastq/c3.Tag_50.fastq	WARN	101504	17397269	8209	135	0	93147	101478	0	13314484
c3_fastq/c3.Tag_51.fastq	WARN	89872	15850501	8770	46	0	81047	89850	0	12243642
c3_fastq/c3.Tag_52.fastq	WARN	139717	23592945	12042	37	0	127618	139656	0	17918901
c3_fastq/c3.Tag_53.fastq	WARN	102895	17846784	8739	197	0	93946	102847	0	13703553
c3_fastq/c3.Tag_54.fastq	WARN	108813	18814755	7971	38	0	100792	108784	0	14507703
c3_fastq/c3.Tag_55.fastq	WARN	86462	15638833	3709	424	0	82322	86446	0	12345240
c3_fastq/c3.Tag_56.fastq	WARN	115890	19525062	11108	65	0	104700	115836	0	14798558
c3_fastq/c3.Tag_57.fastq	WARN	2824	404064	786	7	0	2031	2820	0	293885
c3_fastq/c3.Tag_58.fastq	WARN	111554	19039247	8757	52	0	102729	111516	0	14579320
c3_fastq/c3.Tag_59.fastq	WARN	540	79179	182	0	0	358	540	0	50292
c3_fastq/c3.Tag_60.fastq	WARN	747	91087	371	3	0	372	710	0	52916
c3_fastq/c3.Tag_61.fastq	WARN	87659	15062379	9313	86	0	78252	87610	0	11561894
c3_fastq/c3.Tag_62.fastq	WARN	101613	16796975	10422	29	0	91144	101559	0	12572358
c3_fastq/c3.Tag_63.fastq	WARN	98755	16674330	8876	97	0	89772	98721	0	12662105
c3_fastq/c3.Tag_64.fastq	WARN	49473	8528761	2242	115	0	47109	49463	0	6573698
c3_fastq/c3.Tag_65.fastq	WARN	78873	13614404	8495	125	0	70248	78823	0	10434722
c3_fastq/c3.Tag_66.fastq	WARN	91933	15840637	8638	232	0	83035	91864	0	12101135
c3_fastq/c3.Tag_67.fastq	WARN	2544	172875	1919	1	0	624	2540	0	90328
c3_fastq/c3.Tag_68.fastq	WARN	88160	15651324	7548	129	0	80475	88096	0	12211266
c3_fastq/c3.Tag_69.fastq	WARN	93295	15712705	9326	254	0	83701	93250	0	11890202
c3_fastq/c3.Tag_70.fastq	WARN	127597	21323948	15737	341	0	111509	127553	0	15971261
c3_fastq/c3.Tag_71.fastq	WARN	136	20254	43	0	0	93	135	0	13526
c3_fastq/c3.Tag_72.fastq	WARN	996	173499	158	16	0	820	994	0	125915
c3_fastq/c3.Tag_73.fastq	WARN	185178	31372689	15887	88	0	169189	185124	0	23856213
c3_fastq/c3.Tag_74.fastq	WARN	82707	14136321	4227	100	0	78371	82687	0	10920631
c3_fastq/c3.Tag_75.fastq	WARN	84463	13868586	9209	94	0	75148	84428	0	10392253
c3_fastq/c3.Tag_76.fastq	WARN	6683	901521	2701	23	0	3953	6667	0	564755
c3_fastq/c3.Tag_77.fastq	WARN	48961	7814994	7574	17	0	41361	48944	0	5719247
c3_fastq/c3.Tag_78.fastq	WARN	82064	13507669	10130	33	0	71884	82031	0	10035419
c3_fastq/c3.Tag_79.fastq	WARN	103776	17948282	4314	1453	0	97980	103728	0	13749002
c3_fastq/c3.Tag_80.fastq	WARN	120764	20301977	10398	66	0	110282	120719	0	15444930
c3_fastq/c3.Tag_81.fastq	WARN	123151	21670211	6926	41	0	116179	123129	0	16943185
c3_fastq/c3.Tag_82.fastq	WARN	58925	10453885	2646	543	0	55711	58884	0	8156053
c3_fastq/c3.Tag_83.fastq	WARN	92	14813	13	0	0	79	92	0	11095
c3_fastq/c3.Tag_84.fastq	WARN	413	59812	125	0	0	288	412	0	39773
c3_fastq/c3.Tag_85.fastq	WARN	86481	16673638	1636	861	0	83970	86438	0	13425730
c3_fastq/c3.Tag_86.fastq	WARN	95912	16790011	10778	93	0	85034	95873	0	12933091
c3_fastq/c3.Tag_87.fastq	WARN	51917	9227791	4164	151	0	47600	51899	0	7166208
c3_fastq/c3.Tag_88.fastq	WARN	88668	15105482	10535	104	0	78020	88629	0	11511478
c3_fastq/c3.Tag_89.fastq	WARN	101884	16932045	10822	78	0	90975	101853	0	12784279
c3_fastq/c3.Tag_90.fastq	WARN	97696	16107304	9528	21	0	88136	97665	0	12151118
c3_fastq/c3.Tag_91.fastq	WARN	93380	15587033	10180	216	0	82964	93323	0	11685164
c3_fastq/c3.Tag_92.fastq	WARN	147452	25668600	15610	491	0	131312	147232	0	19708553
c3_fastq/c3.Tag_93.fastq	WARN	114186	19124657	11377	48	0	102742	114139	0	14460357
c3_fastq/c3.Tag_94.fastq	WARN	112474	19085310	11149	51	0	101265	112433	0	14549746
c3_fastq/c3.Tag_95.fastq	WARN	71	9191	23	1	0	47	55	0	6682
c3_fastq/c3.Tag_96.fastq	WARN	837	126909	251	5	0	581	836	0	83994
c3_fastq/c3.unknown.fastq	WARN	100940	15955417	31832	398	0	68653	100680	0	9886525
