sample status  in_reads        in_bp   too_short       too_long        too_many_n      out_reads       w/adapters      qualtrim_bp     out_bp
c4_fastq/c4.Tag_01.fastq	WARN	109131	19336718	8002	64	0	101063	109067	0	15042103
c4_fastq/c4.Tag_02.fastq	WARN	96991	17324974	7210	84	0	89688	96916	0	13567795
c4_fastq/c4.Tag_03.fastq	WARN	128792	21885873	10254	418	0	118101	128300	0	16654789
c4_fastq/c4.Tag_04.fastq	WARN	12255	1764982	3608	15	0	8632	12245	0	1263811
c4_fastq/c4.Tag_05.fastq	WARN	110341	18437387	9669	45	0	100617	110256	0	14073610
c4_fastq/c4.Tag_06.fastq	WARN	91386	15980056	6135	69	0	85177	91360	0	12400905
c4_fastq/c4.Tag_07.fastq	WARN	111506	18677390	9975	40	0	101473	111438	0	14146352
c4_fastq/c4.Tag_08.fastq	WARN	114522	19575641	9521	82	0	104905	114480	0	14991120
c4_fastq/c4.Tag_09.fastq	WARN	105193	17697613	7952	24	0	97203	105121	0	13496398
c4_fastq/c4.Tag_10.fastq	WARN	108065	18580206	7766	150	0	100080	107732	0	14323270
c4_fastq/c4.Tag_11.fastq	WARN	2716	388239	1046	7	0	1662	2699	0	235197
c4_fastq/c4.Tag_12.fastq	WARN	243	39143	56	0	0	187	242	0	27127
c4_fastq/c4.Tag_13.fastq	WARN	84784	14808186	12546	581	0	71646	84750	0	11451487
c4_fastq/c4.Tag_14.fastq	WARN	93216	16086783	7090	43	0	86070	93184	0	12397437
c4_fastq/c4.Tag_15.fastq	WARN	110888	19105365	8132	110	0	102629	110846	0	14689925
c4_fastq/c4.Tag_16.fastq	WARN	97618	17099567	3906	620	0	93080	97589	0	13249935
c4_fastq/c4.Tag_17.fastq	WARN	109568	18472512	7360	42	0	102158	109539	0	14151927
c4_fastq/c4.Tag_18.fastq	WARN	100654	17255823	7776	47	0	92821	100624	0	13250334
c4_fastq/c4.Tag_19.fastq	WARN	107529	18246448	8167	50	0	99301	107506	0	13946280
c4_fastq/c4.Tag_20.fastq	WARN	107139	20202154	6868	894	0	99362	107093	0	15859969
c4_fastq/c4.Tag_21.fastq	WARN	121488	21399859	8327	64	0	113089	121455	0	16624369
c4_fastq/c4.Tag_22.fastq	WARN	121645	20489580	9994	64	0	111573	121617	0	15631656
c4_fastq/c4.Tag_23.fastq	WARN	82	13534	13	0	0	69	80	0	10033
c4_fastq/c4.Tag_24.fastq	WARN	1284	118287	1037	0	0	246	1193	0	34815
c4_fastq/c4.Tag_25.fastq	WARN	78458	13905549	6379	58	0	72017	78316	0	10865927
c4_fastq/c4.Tag_26.fastq	WARN	108135	17937490	9811	27	0	98288	108114	0	13641582
c4_fastq/c4.Tag_27.fastq	WARN	127414	21102631	12578	51	0	114769	127366	0	15810434
c4_fastq/c4.Tag_28.fastq	WARN	147979	25023787	11514	144	0	136302	147945	0	19046024
c4_fastq/c4.Tag_29.fastq	WARN	7575	459861	6082	0	0	1493	7569	0	205224
c4_fastq/c4.Tag_30.fastq	WARN	123192	21491353	7476	48	0	115657	123165	0	16681132
c4_fastq/c4.Tag_31.fastq	WARN	133497	22538443	9874	139	0	123466	133420	0	17157858
c4_fastq/c4.Tag_32.fastq	WARN	104949	17920423	7416	62	0	97459	104931	0	13784582
c4_fastq/c4.Tag_33.fastq	WARN	132301	22520044	8457	93	0	123742	132278	0	17328569
c4_fastq/c4.Tag_34.fastq	WARN	113531	19814952	7591	114	0	105818	113505	0	15362075
c4_fastq/c4.Tag_35.fastq	WARN	133	20909	30	2	0	101	128	0	14710
c4_fastq/c4.Tag_36.fastq	WARN	149	20160	62	0	0	87	149	0	12393
c4_fastq/c4.Tag_37.fastq	WARN	86659	15061267	6084	43	0	80526	86638	0	11627303
c4_fastq/c4.Tag_38.fastq	WARN	126507	22863127	5818	207	0	120475	126492	0	18039976
c4_fastq/c4.Tag_39.fastq	WARN	94985	16323608	7596	63	0	87312	94941	0	12519327
c4_fastq/c4.Tag_40.fastq	WARN	1836	224875	831	2	0	1001	1831	0	146864
c4_fastq/c4.Tag_41.fastq	WARN	130624	24148173	7383	251	0	122986	130610	0	19121244
c4_fastq/c4.Tag_42.fastq	WARN	97909	17023932	5656	176	0	92069	97893	0	13119161
c4_fastq/c4.Tag_43.fastq	WARN	144381	26704365	8020	1234	0	135107	144337	0	20959418
c4_fastq/c4.Tag_44.fastq	WARN	4375	561270	1846	26	0	2501	4363	0	382953
c4_fastq/c4.Tag_45.fastq	WARN	128770	22383846	8066	154	0	120536	128737	0	17320217
c4_fastq/c4.Tag_46.fastq	WARN	93918	15621541	6355	32	0	87527	93901	0	11962727
c4_fastq/c4.Tag_47.fastq	WARN	467	41457	293	0	0	174	386	0	24441
c4_fastq/c4.Tag_48.fastq	WARN	3092	473069	999	2	0	2090	3091	0	299852
c4_fastq/c4.Tag_49.fastq	WARN	104820	17890395	8174	42	0	96596	104787	0	13664732
c4_fastq/c4.Tag_50.fastq	WARN	117846	19795037	8695	34	0	109108	117820	0	15165599
c4_fastq/c4.Tag_51.fastq	WARN	74348	13122752	4534	34	0	69776	74336	0	10247212
c4_fastq/c4.Tag_52.fastq	WARN	134433	23550513	8552	67	0	125803	134397	0	18244354
c4_fastq/c4.Tag_53.fastq	WARN	113264	19038963	9241	40	0	103974	113237	0	14551277
c4_fastq/c4.Tag_54.fastq	WARN	113509	19928635	7686	68	0	105743	113492	0	15415937
c4_fastq/c4.Tag_55.fastq	WARN	93928	16496222	6107	58	0	87757	93913	0	12849765
c4_fastq/c4.Tag_56.fastq	WARN	106889	18915540	8326	83	0	98474	106859	0	14665599
c4_fastq/c4.Tag_57.fastq	WARN	126297	21374379	9236	173	0	116876	126266	0	16291404
c4_fastq/c4.Tag_58.fastq	WARN	102682	17621068	7594	80	0	95002	102661	0	13520077
c4_fastq/c4.Tag_59.fastq	WARN	548	82423	168	0	0	380	547	0	54432
c4_fastq/c4.Tag_60.fastq	WARN	845	120009	297	1	0	547	830	0	78519
c4_fastq/c4.Tag_61.fastq	WARN	106009	18546172	3387	109	0	102505	105983	0	14507866
c4_fastq/c4.Tag_62.fastq	WARN	97775	16837305	6963	29	0	90775	97730	0	12954817
c4_fastq/c4.Tag_63.fastq	WARN	120700	20422712	9226	60	0	111406	120669	0	15569229
c4_fastq/c4.Tag_64.fastq	WARN	88981	15504245	6355	69	0	82545	88964	0	11997912
c4_fastq/c4.Tag_65.fastq	WARN	91173	16216536	5736	60	0	85374	91155	0	12662540
c4_fastq/c4.Tag_66.fastq	WARN	156306	27753085	10214	256	0	145821	156269	0	21636576
c4_fastq/c4.Tag_67.fastq	WARN	77149	13876483	5436	56	0	71654	77139	0	10912761
c4_fastq/c4.Tag_68.fastq	WARN	117017	20329850	7568	124	0	109301	116946	0	15796665
c4_fastq/c4.Tag_69.fastq	WARN	93495	17626746	6159	842	0	86485	93461	0	13839836
c4_fastq/c4.Tag_70.fastq	WARN	118805	20931574	5266	140	0	113395	118794	0	16448055
c4_fastq/c4.Tag_71.fastq	WARN	141	20428	48	0	0	93	141	0	13496
c4_fastq/c4.Tag_72.fastq	WARN	1169	202993	202	16	0	951	1168	0	144819
c4_fastq/c4.Tag_73.fastq	WARN	209439	35616738	16030	44	0	193333	209382	0	27139943
c4_fastq/c4.Tag_74.fastq	WARN	106274	18158546	8882	68	0	97318	106249	0	13943287
c4_fastq/c4.Tag_75.fastq	WARN	75766	13351981	5206	64	0	70491	75748	0	10394695
c4_fastq/c4.Tag_76.fastq	WARN	136496	22942844	11924	112	0	124419	136394	0	17379867
c4_fastq/c4.Tag_77.fastq	WARN	68822	11991043	3272	73	0	65474	68814	0	9334109
c4_fastq/c4.Tag_78.fastq	WARN	87323	14702118	8387	70	0	78851	87298	0	11132676
c4_fastq/c4.Tag_79.fastq	WARN	102132	17454989	7982	51	0	94090	102104	0	13337805
c4_fastq/c4.Tag_80.fastq	WARN	96523	18426760	1910	164	0	94444	96511	0	14828870
c4_fastq/c4.Tag_81.fastq	WARN	134853	22772600	8673	53	0	126105	134822	0	17442007
c4_fastq/c4.Tag_82.fastq	WARN	55	9146	8	0	0	47	55	0	6731
c4_fastq/c4.Tag_83.fastq	WARN	121	20782	11	0	0	110	120	0	15880
c4_fastq/c4.Tag_84.fastq	WARN	499	77304	116	0	0	382	496	0	54100
c4_fastq/c4.Tag_85.fastq	WARN	105939	19598902	3545	272	0	102117	105927	0	15581293
c4_fastq/c4.Tag_86.fastq	WARN	73123	13468648	3692	435	0	68989	73103	0	10665154
c4_fastq/c4.Tag_87.fastq	WARN	93329	15829775	6816	45	0	86454	93304	0	12100208
c4_fastq/c4.Tag_88.fastq	WARN	3487	285091	2316	2	0	1169	3485	0	168107
c4_fastq/c4.Tag_89.fastq	WARN	100318	17340336	6631	67	0	93608	100292	0	13390094
c4_fastq/c4.Tag_90.fastq	WARN	104159	17814877	8571	61	0	95515	104129	0	13702914
c4_fastq/c4.Tag_91.fastq	WARN	103309	17707224	7687	78	0	95526	103269	0	13589330
c4_fastq/c4.Tag_92.fastq	WARN	92751	16634397	6156	61	0	86528	92711	0	13064554
c4_fastq/c4.Tag_93.fastq	WARN	103522	18114298	7517	63	0	95930	103487	0	14051263
c4_fastq/c4.Tag_94.fastq	WARN	268	41564	58	0	0	210	263	0	29880
c4_fastq/c4.Tag_95.fastq	WARN	71	9871	20	0	0	51	61	0	7199
c4_fastq/c4.Tag_96.fastq	WARN	1177	178989	328	4	0	842	1174	0	118955
c4_fastq/c4.unknown.fastq	WARN	119053	19075243	35640	390	0	82983	118897	0	11916001
