sample status  in_reads        in_bp   too_short       too_long        too_many_n      out_reads       w/adapters      qualtrim_bp     out_bp
c4_fastq/C21R21.fastq	WARN	133557	22547813	9890	139	0	123510	133480	0	17164280
c4_fastq/C21R47.fastq	WARN	127780	21153005	12749	53	0	114961	127726	0	15836989
c4_fastq/C8R13.fastq	WARN	89127	15004526	8607	71	0	80433	89101	0	11352463
c4_fastq/C8R17.fastq	WARN	126146	21351124	9188	173	0	116773	126116	0	16276346
c4_fastq/C8R18.fastq	WARN	132367	22531537	8467	93	0	123798	132344	0	17336884
c4_fastq/C8R26.fastq	WARN	104189	17819874	8573	61	0	95543	104159	0	13706718
c4_fastq/C8R30.fastq	WARN	117034	20332420	7573	124	0	109313	116962	0	15798371
c4_fastq/C8R40.fastq	WARN	97921	17026142	5656	176	0	92081	97905	0	13120967
c4_fastq/F0R02.fastq	WARN	104492	17854132	7237	62	0	97181	104474	0	13744767
c4_fastq/F0R03.fastq	WARN	110921	19110698	8141	110	0	102653	110874	0	14693836
c4_fastq/F0R10.fastq	WARN	100379	17349076	6654	67	0	93646	100352	0	13395541
c4_fastq/F0R22.fastq	WARN	96343	16290599	7795	47	0	88486	96317	0	12391484
c4_fastq/F0R27.fastq	WARN	103523	18114497	7517	63	0	95931	103488	0	14051425
c4_fastq/F0R31.fastq	WARN	74355	13123047	4542	34	0	69775	74341	0	10247083
c4_fastq/F0R32.fastq	WARN	106933	18922028	8342	83	0	98502	106903	0	14669502
c4_fastq/F0R46.fastq	WARN	92759	16635542	6159	61	0	86533	92719	0	13065323
c4_fastq/F12R12.fastq	WARN	102733	17632297	7579	81	0	95067	102711	0	13529491
c4_fastq/F12R24.fastq	WARN	128799	22388849	8068	154	0	120563	128765	0	17324174
c4_fastq/F12R34.fastq	WARN	95003	16325993	7604	63	0	87322	94959	0	12520811
c4_fastq/F12R35.fastq	WARN	75897	13368153	5284	64	0	70544	75878	0	10402033
c4_fastq/F12R36.fastq	WARN	100711	17265685	7783	47	0	92871	100681	0	13257554
c4_fastq/F12R41.fastq	WARN	212781	36138150	16904	45	0	195799	212720	0	27484077
c4_fastq/F12R46.fastq	WARN	98553	16821324	10524	65	0	87950	98510	0	12674557
c4_fastq/F12R48.fastq	WARN	79368	14018808	6853	60	0	72450	79199	0	10925792
c4_fastq/F16R09.fastq	WARN	104283	17880294	7823	94	0	96348	104242	0	13715445
c4_fastq/F16R10.fastq	WARN	121327	20445698	9845	63	0	111405	121299	0	15608407
c4_fastq/F16R24.fastq	WARN	107455	18235650	8150	50	0	99244	107432	0	13939062
c4_fastq/F16R35.fastq	WARN	96996	17324722	7218	84	0	89685	96918	0	13567372
c4_fastq/F16R41.fastq	WARN	93931	16496708	6107	58	0	87760	93916	0	12850157
c4_fastq/F16R46.fastq	WARN	88999	15507251	6357	69	0	82561	88982	0	12000189
c4_fastq/F20R07.fastq	WARN	110378	18439885	9709	45	0	100614	110291	0	14073079
c4_fastq/F20R08.fastq	WARN	117837	19793142	8698	34	0	109096	117811	0	15163822
c4_fastq/F20R21.fastq	WARN	109380	18446904	7268	41	0	102063	109351	0	14138854
c4_fastq/F20R22.fastq	WARN	120711	20424467	9228	60	0	111415	120680	0	15570494
c4_fastq/F20R23.fastq	WARN	134855	22772982	8673	53	0	126107	134824	0	17442314
c4_fastq/F20R31.fastq	WARN	77145	13875785	5436	56	0	71650	77135	0	10912190
c4_fastq/F20R41.fastq	WARN	123212	21495082	7476	48	0	115677	123186	0	16684064
c4_fastq/F20R42.fastq	WARN	111417	18662372	9973	40	0	101386	111349	0	14134298
c4_fastq/F20R46.fastq	WARN	93227	16088542	7092	43	0	86079	93194	0	12398767
c4_fastq/F21R07.fastq	WARN	113262	19038668	9240	40	0	103973	113235	0	14551139
c4_fastq/F21R08.fastq	WARN	107665	17860254	9685	26	0	97947	107646	0	13589754
c4_fastq/F21R11.fastq	WARN	105253	17707100	7956	24	0	97259	105180	0	13503748
c4_fastq/F21R32.fastq	WARN	113509	19928635	7686	68	0	105743	113492	0	15415937
c4_fastq/F21R33.fastq	WARN	114344	19546298	9496	81	0	104753	114303	0	14969471
c4_fastq/F21R41.fastq	WARN	120839	21318421	7984	62	0	112785	120809	0	16582373
c4_fastq/F21R48.fastq	WARN	91256	15963804	6060	69	0	85122	91230	0	12393255
c4_fastq/F8R01.fastq	WARN	156308	27753224	10216	256	0	145821	156271	0	21636576
c4_fastq/F8R03.fastq	WARN	109588	18790620	7844	150	0	101518	109233	0	14499487
c4_fastq/F8R05.fastq	WARN	136665	22969843	11953	112	0	124559	136563	0	17399165
c4_fastq/F8R08.fastq	WARN	113305	19780584	7522	114	0	105661	113282	0	15340279
c4_fastq/F8R15.fastq	WARN	98040	16878008	7034	29	0	90969	97993	0	12981615
c4_fastq/F8R21.fastq	WARN	148064	25038691	11522	145	0	136378	148030	0	19057169
c4_fastq/F8R25.fastq	WARN	91526	16274715	5803	60	0	85660	91507	0	12703143
c4_fastq/F8R28.fastq	WARN	102135	17455549	7982	51	0	94093	102107	0	13338254
c4_fastq/F8R30.fastq	WARN	106848	18243042	9094	68	0	97680	106823	0	13995193
c4_fastq/F8R33.fastq	WARN	134735	23593324	8669	68	0	125987	134693	0	18269885
c4_fastq/F8R37.fastq	WARN	105661	18018447	8425	42	0	97186	105627	0	13745759
c4_fastq/Il21R12.fastq	WARN	7578	460030	6085	0	0	1493	7571	0	205224
c4_fastq/Il21R19.fastq	WARN	93840	15609052	6335	32	0	87469	93823	0	11954442
c4_fastq/Il21R23.fastq	WARN	117107	20164262	5836	397	0	110863	116660	0	15634240
c4_fastq/Il21R34.fastq	WARN	144571	26733159	8082	1234	0	135235	144527	0	20977538
c4_fastq/Il21R46.fastq	WARN	96529	18427843	1910	164	0	94450	96517	0	14829732
c4_fastq/Il21R47.fastq	WARN	68946	12006908	3342	73	0	65528	68938	0	9341514
c4_fastq/Il8R01.fastq	WARN	97646	17103413	3918	620	0	93095	97615	0	13252177
c4_fastq/Il8R02.fastq	WARN	107555	18778943	3862	109	0	103576	107527	0	14655281
c4_fastq/Il8R06.fastq	WARN	73141	13471669	3693	435	0	69006	73121	0	10667471
c4_fastq/Il8R17.fastq	WARN	118809	20932258	5267	140	0	113398	118798	0	16448515
c4_fastq/Il8R27.fastq	WARN	130792	24175618	7409	252	0	123127	130777	0	19141158
c4_fastq/Il8R39.fastq	WARN	107077	19770990	3947	275	0	102847	107060	0	15688136
c4_fastq/Il8R40.fastq	WARN	126530	22865059	5833	207	0	120483	126515	0	18041147
c4_fastq/Mock-10.fastq	WARN	84849	14817632	12575	581	0	71682	84815	0	11457131
c4_fastq/Mock-11.fastq	WARN	105328	19900540	6630	893	0	97790	105282	0	15642253
c4_fastq/Mock-12.fastq	WARN	93574	17639413	6179	842	0	86544	93540	0	13848258
c4_fastq/WTRP-10.fastq	WARN	9997	1393042	3167	14	0	6816	9988	0	1009725
c4_fastq/WTRP-11.fastq	WARN	1417	167118	643	1	0	772	1414	0	114509
c4_fastq/WTRP-12.fastq	WARN	4119	529949	1702	26	0	2390	4108	0	367807
c4_fastq/WTRX-7.fastq	WARN	3520	289640	2331	2	0	1187	3518	0	170655
c4_fastq/unknown.fastq	WARN	230058	39743015	44442	549	0	185021	229880	0	27074035
